1.00000000	0.44727843	0.27284878	0.76204746	0.37889125	0.53639498	0.69438531	0.11441476	0.20568050	0.12557235
0.44727843	1.00000000	0.36203720	0.65248504	0.75628514	0.86184017	0.45298047	0.40518621	0.35485734	0.21307443
0.27284878	0.36203720	1.00000000	0.32763119	0.52697465	0.36075747	0.23786317	0.24284601	0.97657729	0.10831642
0.76204746	0.65248504	0.32763119	1.00000000	0.72502944	0.53155093	0.40296336	0.10677856	0.27020620	0.06542526
0.37889125	0.75628514	0.52697465	0.72502944	1.00000000	0.51000481	0.23128162	0.18167471	0.51135464	0.06435356
0.53639498	0.86184017	0.36075747	0.53155093	0.51000481	1.00000000	0.73678020	0.57236118	0.34071412	0.44795341
0.69438531	0.45298047	0.23786317	0.40296336	0.23128162	0.73678020	1.00000000	0.33469461	0.19534482	0.47628875
0.11441476	0.40518621	0.24284601	0.10677856	0.18167471	0.57236118	0.33469461	1.00000000	0.27424175	0.70205640
0.20568050	0.35485734	0.97657729	0.27020620	0.51135464	0.34071412	0.19534482	0.27424175	1.00000000	0.10839548
0.12557235	0.21307443	0.10831642	0.06542526	0.06435356	0.44795341	0.47628875	0.70205640	0.10839548	1.00000000
